local Library = loadstring(game:HttpGet("https://raw.githubusercontent.com/xHeptc/Kavo-UI-Library/main/source.lua"))()
local Window = Library.CreateLib("Era Of Encanto Script   (By: Sorln#3037)", "Ocean")
local Tab = Window:NewTab("Gifts")
local Section = Tab:NewSection("Gifts Of Encanto")
Section:NewButton("Healing Light", "ButtonInfo", function()
    print("Clicked")
    local ohString1 = "Healing Gift"
local ohInstance2 = workspace.CasitaNature.Tree.MeshPart
local ohCFrame3 = CFrame.new(149.912918, -20.0567322, 75.3039169, 0.536023557, -0.0152920047, -0.844064593, 9.31322575e-10, 0.999836087, -0.0181141291, 0.844203115, 0.00970959943, 0.535935581)

game:GetService("ReplicatedStorage").Events.Power:FireServer(ohString1, ohInstance2, ohCFrame3)
end)
Section:NewButton("Death Kaboomy", "ButtonInfo", function()
    print("Clicked")
    local ohString1 = "Dying Gift"
local ohInstance2 = workspace.Terrain
local ohCFrame3 = CFrame.new(-29.1540756, -20.968605, 236.292542, -0.993486941, 0.0089687705, -0.113592431, -0, 0.996897519, 0.0787107497, 0.113945939, 0.0781981051, -0.990404725)

game:GetService("ReplicatedStorage").Events.Power:FireServer(ohString1, ohInstance2, ohCFrame3)
end)
Section:NewButton("Sunlight Stomp", "ButtonInfo", function()
    print("Clicked")
    local ohString1 = "Encanto Stomp"
local ohInstance2 = workspace.Terrain
local ohCFrame3 = CFrame.new(-24.8315678, -34.2000008, -25.2160263, -0.831871867, -0.1383228, 0.537453294, -0, 0.968440533, 0.24924475, -0.554967761, 0.207339689, -0.805618465)

game:GetService("ReplicatedStorage").Events.Power:FireServer(ohString1, ohInstance2, ohCFrame3)
end)
Section:NewButton("Prophecy", "ButtonInfo", function()
    print("Clicked")
    local ohString1 = "Prophesier"
local ohInstance2 = workspace.Terrain
local ohCFrame3 = CFrame.new(-251.488022, -33.5487518, 13.9766083, -0.151092425, -0.273495078, 0.949932396, -3.7252903e-09, 0.96096468, 0.27667135, -0.988519728, 0.0418029428, -0.145194471)

game:GetService("ReplicatedStorage").Events.Power:FireServer(ohString1, ohInstance2, ohCFrame3)
end)
Section:NewButton("Sonic Stomp", "ButtonInfo", function()
    print("Clicked")
   local ohString1 = "Sonic Stomp"
local ohInstance2 = workspace.Terrain
local ohCFrame3 = CFrame.new(-36.9197235, -34.2000008, 34.064476, -0.475695223, -0.156580225, 0.865561485, 7.45057971e-09, 0.984028459, 0.178010941, -0.879610121, 0.0846789628, -0.468097687)

game:GetService("ReplicatedStorage").Events.Power:FireServer(ohString1, ohInstance2, ohCFrame3)
end)
Section:NewButton("Spicy Smoke", "ButtonInfo", function()
    print("Clicked")
   local ohString1 = "Spicy Smoke"
local ohInstance2 = workspace.Terrain
local ohCFrame3 = CFrame.new(-36.9197235, -34.2000008, 34.064476, -0.475695223, -0.156580225, 0.865561485, 7.45057971e-09, 0.984028459, 0.178010941, -0.879610121, 0.0846789628, -0.468097687)

game:GetService("ReplicatedStorage").Events.Power:FireServer(ohString1, ohInstance2, ohCFrame3)
end)
Section:NewButton("Pepper Speed", "ButtonInfo", function()
    print("Clicked")
   local ohString1 = "Eat Food"
local ohInstance2 = workspace.XSaageX
local ohTable3 = {
	["Num"] = 1,
	["FoodName"] = "Pepper",
	["Amount"] = 3
}

game:GetService("ReplicatedStorage").Events.Power:FireServer(ohString1, ohInstance2, ohTable3)
end)
Section:NewButton("Heal Self", "ButtonInfo", function()
    print("Clicked")
   local ohString1 = "Eat Food"
local ohInstance2 = workspace.XSaageX
local ohTable3 = {
	["Num"] = 4,
	["FoodName"] = "Arepa",
	["Amount"] = 4
}

game:GetService("ReplicatedStorage").Events.Power:FireServer(ohString1, ohInstance2, ohTable3)
end)
Section:NewButton("Enhance yourself", "ButtonInfo", function()
    print("Clicked")
   local ohString1 = "Eat Food"
local ohInstance2 = workspace.XSaageX
local ohTable3 = {
	["Num"] = 3,
	["FoodName"] = "Empanadas",
	["Amount"] = 3
}

game:GetService("ReplicatedStorage").Events.Power:FireServer(ohString1, ohInstance2, ohTable3)
end)
Section:NewButton("Imperfect Explosion", "ButtonInfo", function()
    print("Clicked")
   local ohString1 = "Imperfect Explosions"
local ohInstance2 = workspace.Terrain
local ohCFrame3 = CFrame.new(-40.1979675, -34.2000008, -46.5967445, -0.515084445, -0.383416325, 0.766602933, -0, 0.894373655, 0.447320789, -0.857139528, 0.230407983, -0.460677922)

game:GetService("ReplicatedStorage").Events.Power:FireServer(ohString1, ohInstance2, ohCFrame3)
end)
local Tab = Window:NewTab("OverPowered")
local Section = Tab:NewSection("Unlimited Level And Inf Butterflys Spawn as them")
Section:NewButton("Inf Isabella", "ButtonInfo", function()
    print("Clicked")
   local ohString1 = "SelectedReward"
local ohNumber2 = 999999999999
local ohString3 = "Isabela"

game:GetService("ReplicatedStorage").Events.QuestEvents:FireServer(ohString1, ohNumber2, ohString3)
end)
Section:NewButton("Inf Luisa", "ButtonInfo", function()
    print("Clicked")
   local ohString1 = "SelectedReward"
local ohNumber2 = 999999999999
local ohString3 = "Luisa"

game:GetService("ReplicatedStorage").Events.QuestEvents:FireServer(ohString1, ohNumber2, ohString3)
end)
Section:NewButton("Inf Antonio", "ButtonInfo", function()
    print("Clicked")
   local ohString1 = "SelectedReward"
local ohNumber2 = 999999999999
local ohString3 = "Antonio"

game:GetService("ReplicatedStorage").Events.QuestEvents:FireServer(ohString1, ohNumber2, ohString3)
end)
Section:NewButton("Inf Dolores", "ButtonInfo", function()
    print("Clicked")
   local ohString1 = "SelectedReward"
local ohNumber2 = 999999999999
local ohString3 = "Dolores"

game:GetService("ReplicatedStorage").Events.QuestEvents:FireServer(ohString1, ohNumber2, ohString3)
end)
Section:NewButton("Inf Camilo", "ButtonInfo", function()
    print("Clicked")
   local ohString1 = "SelectedReward"
local ohNumber2 = 999999999999
local ohString3 = "Camilo"

game:GetService("ReplicatedStorage").Events.QuestEvents:FireServer(ohString1, ohNumber2, ohString3)
end)
Section:NewButton("Inf Julieta", "ButtonInfo", function()
    print("Clicked")
   local ohString1 = "SelectedReward"
local ohNumber2 = 999999999999
local ohString3 = "Julieta"

game:GetService("ReplicatedStorage").Events.QuestEvents:FireServer(ohString1, ohNumber2, ohString3)
end)
Section:NewButton("Inf Pepa", "ButtonInfo", function()
    print("Clicked")
   local ohString1 = "SelectedReward"
local ohNumber2 = 999999999999
local ohString3 = "Pepa"

game:GetService("ReplicatedStorage").Events.QuestEvents:FireServer(ohString1, ohNumber2, ohString3)
end)
Section:NewButton("Inf Bruno", "ButtonInfo", function()
    print("Clicked")
   local ohString1 = "SelectedReward"
local ohNumber2 = 999999999999
local ohString3 = "Bruno"

game:GetService("ReplicatedStorage").Events.QuestEvents:FireServer(ohString1, ohNumber2, ohString3)
end)
Section:NewButton("Inf Mirabel", "ButtonInfo", function()
    print("Clicked")
   local ohString1 = "SelectedReward"
local ohNumber2 = 999999999999
local ohString3 = "Mirabel"

game:GetService("ReplicatedStorage").Events.QuestEvents:FireServer(ohString1, ohNumber2, ohString3)
end)
